[version]
firstversion=1.3.0.14890
lastversion=1.3.0.14890
bootnum=18
appversion=1.3.0.14890
srcversion=1.3.0.99999


